$ANSIBLE_VAULT;1.1;AES256
61343062373531633161396164343038396365356264653131306562613333663563363061653730
6337363965636161653830326230356362316330363132370a306333376465336137646639653630
62383930373730323364393939616266343261666562313261333138643361613836393561336639
3264663736316661330a383837616466383765636661636461646266393763313835316366633464
66643533363865396236363430666330373863646161613735363737623066363934353639633266
33326333373436663532643536333366616137363438643537616565623336373330316532333363
37343363313531303165373336636465343838646162623130373566313037346535366439616239
35633437313466333731346165363634373861663864633263613964613934633532323238393537
39366163343062633839613462313530353463663339306464336433626664626538306466306537
37363835653161393237353536663436333233323431376130383061623135666435633835316462
33303630356337333735376238313232316361303865616532623839633938383939323530393836
31616138623030343437323536303062393439336466323735376434343234636263363637623239
31636465643839393562316235636531636331623636376163643435306434336161356430333034
62323836366331613837353133616433386234306261363561653737383862353836396233663537
63643835623561303565653064353065383733653962353339346130393037623531336239363530
31313333623432666538633836333464333038623766373062633164613466663739396661623432
61313435376339306534343062623464626639306666346166353063383337366632393930336261
65366331646337346436313030313539356266333965343936653365366634303464623731383464
36626365653466656462303338643531346463383531386161366135623139613039643065343765
65666333643365633237306261386563646131333862363561333663633537323065626265666437
62613861363632353365643333326439363130636465356562313266393766313961666361383264
38356263636631643061326234643233663864646266633232643261633436616465363134663265
33333631336134303834306666663130633338373561346333343861313662616362313638333938
61613465343031383363303435666361326561346435353966346331353264396265646130306431
6463
